-1.278450991412750648e+00 2.235583999999993576e+00 -7.638657417055030763e+00 -7.110500002581131795e+00 -6.650055797723408268e+00 -7.109637688966015112e+00
-2.737975336000000315e+00 -1.672926180898504533e+00 2.357541947068476085e-01 -1.256292593467823959e+00 -1.959999999999999964e+00 -3.628956719280484577e+00
5.392639999999990330e+00 -5.939518650446143688e+00 -6.188480537503981971e+00 -5.783179378956218919e+00 -2.473958558859339768e-02 -1.171580303358216835e+00
1.056367242645935711e+01 -1.067287728752487563e+00 -2.731904887065049969e+00 -1.182760141661698405e+00 -1.959999999999999964e+00 -2.423048519726413996e+00
1.159534644435413764e+00 1.942399999999998172e+01 4.014184426866832744e+00 4.839238901688354133e+00 4.169841561745856184e-01 9.483275535942458090e-01
-3.423310150366113191e+00 -3.486893146242354913e+00 1.773646222598418865e+00 -3.625095464085813290e+00 4.389535846669846642e+00 1.065439999999998300e+01
-1.362749902183625572e+00 -1.330145989167168974e+00 -1.922248096000000128e+00 -2.793146211399181400e+00 -2.716000000000000192e+00 -7.340325811905934472e-01
-1.959999999999999964e+00 -1.959999999999999964e+00 -1.479643012879974684e+00 -1.468546877412629126e+00 -1.405317000920573989e+00 -2.811969031043724421e+00
-1.319975838255631917e+00 -2.836454039486933087e+00 -1.899999999999999911e+00 -1.959999999999999964e+00 -1.361101768673172341e+00 -1.326264250597586791e+00
-7.287086323166833690e-01 -7.302268886812052218e-01 -3.479806254400000576e+00 -7.050468556240001572e-01 -1.000000000000000000e+00 -1.906000000000000139e+00
-1.000000000000000000e+00 -8.900538322713898998e-01 -9.049369436583422077e-01 -8.968416509955845495e-01 -1.000000000000000000e+00 -1.000000000000000000e+00
-8.577330803116192115e-01 -1.899999999999999911e+00 -2.753526951860416183e+00 -1.000000000000000000e+00 -8.618948812146371985e-01 -8.579657926157964187e-01
-9.461764477096115122e-01 -9.519235490494108998e-01 -1.917289600000000149e+00 -9.953989712950082058e-01 -3.543045866348221828e+00 -1.000000000000000000e+00
-1.000000000000000000e+00 -1.899999999999999911e+00 -9.022554125120865187e-01 -9.635311805041258948e-01 -1.927694095360000137e+00 -1.000000000000000000e+00
-1.000000000000000000e+00 -1.000000000000000000e+00 -9.316393851084626698e-01 -1.000000000000000000e+00 -9.338300800600198848e-01 -9.250548573820424059e-01
-1.071633996861379057e+00 -1.065698051874249597e+00 -1.936536935623935918e+00 -1.959999999999999964e+00 -1.906000000000000139e+00 -1.052798125549644137e+00
-1.948796293872858687e+00 -2.795249452016081104e+00 -1.040047136480872769e+00 -1.027128947011135773e+00 -1.061564221998129831e+00 -1.948796293872858687e+00
-1.959340041015930289e+00 -1.911781599999999859e+00 -1.172496083029286984e+00 -1.959999999999999964e+00 -1.148133358976341389e+00 -1.144509005897472731e+00
2.221888627841388075e+00 -2.881599999999999717e-01 -1.899999999999999911e+00 -1.000000000000000000e+00 -1.000000000000000000e+00 -3.145752880456192391e-01
-1.669419290323741478e+00 2.417509740051236378e+01 -1.045794721223247126e-01 -3.023800000000000376e-01 -1.000000000000000000e+00 -1.000000000000000000e+00
-2.885264137599999890e-01 -1.906000000000000139e+00 -1.911760000000000126e+00 -1.000000000000000000e+00 -2.811714076744000201e-01 6.966807096762585028e-01
1.615188561458814220e+01 1.123449700108409210e+01 2.111987381751697512e+01 5.840000000000001279e+01 2.152220247026084365e+01 1.908120184954985277e+01
9.759688097178438326e+00 8.223568721160896544e+00 3.403999999999999204e+01 1.150186015198372047e+01 9.443566085732390647e+00 8.384628398836058594e+00
-1.000000000000000000e+00 -1.000000000000000000e+00 -4.402031075771200563e-01 -8.728252029294302217e-01 3.207342026537001800e+01 -3.032142064000000192e-01
4.245001395365915187e+01 9.900000000000001421e+01 4.542483634931808467e+01 3.922897800207249475e+01 4.057630189825449918e+01 2.701998758980307969e+01
3.317834671732021956e+00 -1.000000000000000000e+00 5.750000000000000888e+00 9.324317603669909715e+01 1.994448349690794320e+00 4.217834671732021867e+00
0.000000000000000000e+00 0.000000000000000000e+00 0.000000000000000000e+00 0.000000000000000000e+00 0.000000000000000000e+00 0.000000000000000000e+00
