-2.420460373442566038e+00 -2.460314192151536350e+00 -1.068969492054547032e+01 -1.060561826924501538e+01 -1.028655589117026281e+01 -1.001107717451349721e+01
-1.008989501419364210e+01 -2.367433955737603846e+00 -2.454365444922424810e+00 -2.459929577014006608e+00 -9.008406652320877228e+00 -1.048017846322738222e+01
-2.463966453525809897e+00 -5.658627938055643014e+00 -5.743845956813162346e+00 -4.424492517566206651e+00 -2.462988235528606129e+00 -2.422670050584372792e+00
-2.440793865455691325e+00 -2.442321787892135276e+00 -6.289616725825667665e+00 -2.433971772864847338e+00 -3.682038564661946900e+00 -4.390728796349099738e+00
-5.751528518880480334e+00 -2.437088179736543569e+00 -2.436876741392825618e+00 -2.439721799457547746e+00 -3.655967782118423770e+00 -2.881600000000000161e+00
-7.248168742872203474e+00 -4.423673194956233345e+00 -2.453275947083748409e+00 -6.874058745993653297e+00 -2.451547976117711691e+00 -2.450782905189682559e+00
-2.427528444601851465e+00 -2.286020771581660505e+00 -7.655412784202565213e+00 -6.361152050976484063e+00 -6.751894744253958969e+00 -2.432693209586424210e+00
-1.068163256545480166e+01 -1.007514069511587351e+01 -2.402695516077554494e+00 -2.279056592896003153e+00 -2.423857586503408434e+00 -1.009616725734041864e+01
-2.131760988160004366e+00 -9.555542813240649025e+00 -9.116339862532607086e+00 -1.036205963647200434e+01 -2.390861962452392575e+00 -2.376589241221165327e+00
-2.313951933600249422e+00 -2.315532100345523148e+00 -4.403455256216439295e+00 -2.317481160124720052e+00 -5.166518928673673017e+00 -4.457250053115114241e+00
-4.391532932131605449e+00 -2.297520160189868044e+00 -2.294453568189811943e+00 -2.292325649624825434e+00 -5.051308480991710148e+00 -5.608516101233544049e+00
-2.142628087183826580e+00 -3.636752396070053184e+00 -4.447750047773307180e+00 -4.440518473809627942e+00 -2.269559047582393241e+00 -2.252507593789614848e+00
-7.951897600000030764e-01 -1.598499426578229521e+00 -9.466783693401666255e+00 -1.923546973037904673e+00 -9.347336121615271054e+00 -9.209339968668633247e+00
-8.918944170757333367e+00 3.413503999999960015e-01 -1.559995987479102730e+00 -1.637419245345505647e+00 -9.048837270686389544e+00 -9.085482741294848452e+00
-5.055742392542122765e+00 -2.877339418532058879e+00 -2.172985648432387951e+00 -5.645969844658930370e+00 -2.149207507943255546e+00 -8.090154486640427356e-01
-2.213134887191607003e+00 -2.181266419295821102e+00 -9.416271841647654739e+00 -9.921490677151304283e+00 -9.251958707024433792e+00 -1.477113856000004333e+00
-4.335964116626151998e+00 -5.762149913725851391e+00 -1.929155775650622129e+00 -2.254223224533915548e+00 -2.307955132632717898e+00 -4.477481910451708735e+00
-9.426681876802039284e+00 -8.855497558817816639e+00 -2.303864027533072623e+00 -1.032058407274134737e+01 -1.886268313600004909e+00 -2.273969027124806974e+00
-2.357585283356563366e+00 -2.362904979369595537e+00 -6.301986395650089001e+00 -5.786702133725347252e+00 -2.850062291353600230e+00 -2.360270196937425791e+00
-3.690937396315473684e+00 -2.373221240040159774e+00 -2.372896659145429243e+00 -2.369501923741586857e+00 -4.480517443170663583e+00 -5.123547318649020355e+00
-2.381827696008668838e+00 -3.728643716482370252e+00 -8.376776337861342014e+00 -5.185558434692152829e+00 -2.380964316546551718e+00 -2.379565889150971003e+00
-2.399991866906737936e+00 -2.399493665429961453e+00 -5.128799862573050206e+00 -2.399954647916347383e+00 -5.119114593585602613e+00 -3.726792487174514612e+00
-5.138811634740345191e+00 -5.817729904180792389e+00 -2.415779043791375980e+00 -2.417284285827284940e+00 -2.418198414665396534e+00 -3.593329769067369117e+00
-4.474265857832801174e+00 -3.649161068452134060e+00 -2.401553853823367390e+00 -3.704928827511833056e+00 -2.401197890399178636e+00 -2.399679673181573492e+00
-2.380688630953187168e+00 -2.379846509444306424e+00 -4.494458496907026479e+00 -4.290048815669197602e+00 -5.188619844436963113e+00 -2.377496334112700449e+00
-5.148680827455155651e+00 -3.729573167922328736e+00 -2.369852416338932510e+00 -2.372380750139797545e+00 -2.376935030546903693e+00 -3.621596172901320188e+00
-2.360580572091974805e+00 -4.475839485616691427e+00 -4.330528280630401738e+00 -6.755843040844927927e+00 -2.362606136658230938e+00 -2.365356663402275128e+00
-2.021504959186244399e+00 -2.006739529322802529e+00 -2.827490038837841890e+00 -2.009328077058314399e+00 -3.630427419902825914e+00 -3.701541189544330201e+00
-4.440852269647685091e+00 -2.097360635697258058e+00 -2.092534873291895359e+00 -2.097143091030765127e+00 -3.649337139957492759e+00 -2.845561310062318494e+00
-2.090903439667286534e+00 -4.351876171368971313e+00 -3.579047756069042130e+00 -4.309494043172990452e+00 -2.097289049887271606e+00 -2.101670757104702858e+00
-2.193959175524089478e+00 -2.188556559656265943e+00 -3.644900441297095561e+00 -2.185016264879484638e+00 -2.881600000000000161e+00 -4.405836631206960341e+00
-2.881600000000000161e+00 -2.206830345034326513e+00 -2.206816881548994580e+00 -2.207057115224317467e+00 -4.392945006009194131e+00 -3.656341001037098248e+00
-5.067993358557653316e+00 -3.711071962357944898e+00 -2.162525564064349926e+00 -4.965932011628354736e+00 -2.182404202201046139e+00 -2.159756435102442307e+00
-2.171116062846436989e+00 -2.172213225242091372e+00 -2.881600000000000161e+00 -2.878674877097338936e+00 -4.424401913186718716e+00 -2.177516310018077217e+00
-4.357539396532245313e+00 -3.699712153012683302e+00 -2.146654424732741262e+00 -2.160020288371589547e+00 -2.147115902185692704e+00 -3.678453427099563022e+00
-2.187110732440725958e+00 -4.334680015287741384e+00 -2.879884023645238766e+00 -2.881600000000000161e+00 -2.185057299965544875e+00 -2.175651904048808483e+00
-2.256933579667104617e+00 -2.255267096990032361e+00 -3.718528331139475895e+00 -2.259269122670645391e+00 -3.554422025679192298e+00 -5.666103676532344480e+00
-2.881600000000000161e+00 -2.242975482185839198e+00 -2.247308766107731781e+00 -2.243232015491738895e+00 -3.683152192233689615e+00 -3.661031976298819046e+00
-2.244548441437795638e+00 -4.441369495531252376e+00 -2.835289600000000299e+00 -3.644677095482964369e+00 -2.252309504248097838e+00 -2.245303958756439844e+00
-2.230824340415777041e+00 -2.238357104478598369e+00 -4.404410299306407595e+00 -2.229553528316452038e+00 -3.600413419877689591e+00 -5.129537712837670682e+00
-2.800616447216184746e+00 -4.455897696255281204e+00 -2.234064664947547740e+00 -2.233813514687537083e+00 -2.868271692625675051e+00 -3.591936279964891732e+00
-2.851379786622976198e+00 -3.654518255140388305e+00 -2.244574415606861884e+00 -3.673817832076220480e+00 -2.237209034183030187e+00 -2.234981114742744079e+00
-2.214463640459796157e+00 -2.217778377491867570e+00 -3.713139291025733257e+00 -2.832517090780540148e+00 -4.434122961757848813e+00 -2.225871221648469511e+00
-2.869054861105730936e+00 -2.790711407099486951e+00 -2.218638866864542258e+00 -2.227697285737369359e+00 -2.230014543514942105e+00 -2.877820722848756230e+00
-4.428846013989447883e+00 -3.690025140683424354e+00 -2.211040281109086347e+00 -3.696956517209563753e+00 -2.206835278668672462e+00 -2.216334549285686961e+00
-2.273482265390348367e+00 -2.277235813528751596e+00 -3.696835252421731610e+00 -5.595972180079071379e+00 -4.442654784222487052e+00 -2.272861307997961600e+00
-2.881600000000000161e+00 -2.283901531029300269e+00 -2.288062131158354440e+00 -2.287491523896755918e+00 -2.850644483584000355e+00 -3.673899202861361957e+00
-2.280670931919863254e+00 -3.686830793092642722e+00 -4.454090361049762414e+00 -6.202097822908637426e+00 -2.274424777374171480e+00 -2.277474848308203459e+00
-2.278638368847835327e+00 -2.276219670790528227e+00 -4.457366867411366229e+00 -2.275559270523945798e+00 -5.094517965685433580e+00 -6.778672518621347898e+00
-4.450853369481795774e+00 -3.672601081155434155e+00 -2.251309253874514305e+00 -2.255615389426322448e+00 -2.253322875021004368e+00 -3.723329114456308986e+00
-3.641794204395337964e+00 -3.712309070204332428e+00 -2.267482466979121813e+00 -2.879366540626760340e+00 -2.274052728897596243e+00 -2.271751227932740314e+00
-2.305207746090445209e+00 -2.303618686091612133e+00 -4.411345876126059551e+00 -4.444577109162059614e+00 -3.711390100290770100e+00 -2.301604319456898029e+00
-5.091619825725406834e+00 -4.458425617863595036e+00 -2.300753079840634374e+00 -2.310032905114012713e+00 -2.307155862411453207e+00 -5.607149845960356593e+00
-6.660526030260960795e+00 -5.117062086447527136e+00 -2.333394629818392740e+00 -3.722818575073989056e+00 -2.328098310918919722e+00 -2.326635180090480315e+00
-1.797897482859351248e+00 -1.798018363056026026e+00 -1.959999999999999964e+00 -1.959999999999999964e+00 -1.955666114094407160e+00 -1.824043515797369563e+00
-3.638121468388210378e+00 -1.643060468558667608e+00 -1.642975254820111308e+00 -1.635221455555851300e+00 -2.854021954859281784e+00 -1.959999999999999964e+00
-1.410523152169992578e+00 -2.742197056000000188e+00 -3.639049613689404605e+00 -2.835905400071509153e+00 -1.524454496501046918e+00 -1.557238069211459353e+00
-7.911834805024012818e-01 -1.154795714688896302e+00 -1.959999999999999964e+00 -1.146146461394316640e+00 -1.959999999999999964e+00 -1.959999999999999964e+00
-1.000000000000000000e+00 5.143568225095415336e+00 -9.521658558869146027e-01 -8.137581470507905257e-01 -1.000000000000000000e+00 -2.758456185766720026e+00
-1.959999999999999964e+00 -3.527661450000652898e+00 -1.242155175505771592e+00 -1.959999999999999964e+00 -1.182114305590849179e+00 3.549601798891754978e-02
-1.400885399321676106e+00 -1.374791191941380220e+00 -1.959999999999999964e+00 -2.809016744608620719e+00 -1.927094488000000272e+00 -1.373981104601887493e+00
-2.842267062977241299e+00 -1.959999999999999964e+00 -1.501269281621239848e+00 -1.513744653309783361e+00 -1.493931067688183845e+00 -3.604931047485177231e+00
-1.445834823409978931e+00 -1.956852186080568323e+00 -1.917600640000000300e+00 -1.946599419293484790e+00 -1.447411393328804197e+00 -1.414809951143997102e+00
3.367609034595524964e+00 3.632058136204010967e+00 8.275938299245673146e-01 1.942399999999998172e+01 1.347833191571790712e+00 9.455041232022125541e-01
-2.167091347791990863e+00 -1.080814228460617477e+00 1.044387439280774110e+01 -9.846700936021994810e-01 -1.000000000000000000e+00 -2.107405404768325496e+00
1.727793232136795254e+00 -3.278517206239110582e+00 -3.183799463662106533e+00 -3.656278405789578301e+00 1.065439999999998300e+01 3.952950954908751147e+00
2.761315113090894724e-01 -1.204396501916173756e+00 -3.563223555319317004e+00 -1.656618129790817573e+00 -2.750882226711658607e+00 -2.843190976432877104e+00
-7.975813606594249983e+00 -7.755300488076439791e+00 -1.134266520508376397e+00 2.235583999999993576e+00 -9.307351796540227484e-01 -6.831749496700331825e+00
-5.708211115353835297e+00 -5.872663554785594542e+00 5.392639999999990330e+00 -6.091876861678811927e+00 -1.112927937227238928e+00 2.728943876672733013e-02
-1.443767354954295312e+00 -1.440487963716548858e+00 -1.959999999999999964e+00 -2.831691651579627766e+00 -1.922559135999999835e+00 -1.327382636747239220e+00
-1.959999999999999964e+00 -1.959999999999999964e+00 -1.303435819281214325e+00 -1.318867212906715380e+00 -6.288147070477982936e-01 -4.329238005857091842e+00
-1.959999999999999964e+00 -1.959999999999999964e+00 -1.410486772633621433e+00 -2.834324201575812108e+00 -1.388679941751839619e+00 -1.411136922327278498e+00
3.403999999999999204e+01 1.295358089637173826e+01 8.071713415883012388e+00 8.321538353468907800e+00 8.363652242621167687e+00 9.036754948824947675e+00
2.110997398887209542e+01 5.840000000000001279e+01 1.796177211267239215e+01 1.350871745502273846e+01 2.112947160098352128e+01 2.246378135460998848e+01
-8.751793691782550066e-02 -1.000000000000000000e+00 -1.000000000000000000e+00 -1.000000000000000000e+00 1.765384399999999632e+00 3.301101825798322409e+01
-2.949413200000000068e-01 -2.059583614450313793e-01 -1.000000000000000000e+00 4.929420328196634671e+01 -1.000000000000000000e+00 -1.000000000000000000e+00
-3.280159195933253002e+00 -2.728541319999999715e+00 1.854968973406388244e+01 -5.178468400000000305e-01 -4.223114628362621414e-01 -1.000000000000000000e+00
-1.000000000000000000e+00 -1.000000000000000000e+00 -2.863455999999999779e-01 -1.000000000000000000e+00 5.584339282941050087e+00 -3.010876000000000108e-01
2.593240460000000525e+00 9.793324889723379556e+01 0.000000000000000000e+00 4.466187328123381484e+00 6.097400000000000597e-01 4.922766284167554574e+00
4.005367904676830904e+01 3.348490516264760686e+01 4.325554636498414851e+01 9.900000000000001421e+01 2.454418989326311618e+01 3.389774390316556918e+01
0.000000000000000000e+00 0.000000000000000000e+00 0.000000000000000000e+00 0.000000000000000000e+00 0.000000000000000000e+00 0.000000000000000000e+00
