-2.499986536598346909e+00 -2.499977560997155734e+00 -1.149998653259199699e+01 -1.149998652905598640e+01 -1.149998640638450809e+01 -1.149998652803000176e+01
-8.777374961588698454e+00 -2.499982077922585866e+00 -2.499983173708279605e+00 -2.499977560997155734e+00 -9.055575817764779600e+00 -1.092907323192654800e+01
-2.499962601661922967e+00 -1.149997753851308957e+01 -1.149997752691645481e+01 -1.149997755334296023e+01 -2.499986536598274078e+00 -2.499986536598060027e+00
-2.499937669436532062e+00 -2.499960501348425179e+00 -1.072585629171896038e+01 -2.499966773189963742e+00 -9.882903201238370627e+00 -8.759720715161517290e+00
-1.149993765740883234e+01 -2.499896115727547219e+00 -2.499962601661918971e+00 -2.499962601661765316e+00 -1.149993765526887302e+01 -1.149993763267510616e+01
-1.149996255562232861e+01 -1.149996250728876568e+01 -2.499977560996981207e+00 -1.149996255628413167e+01 -2.499962601662040207e+00 -2.499937669436532062e+00
-2.499967607096833522e+00 -2.499966297120579828e+00 -1.062978070929145247e+01 -9.281646147040440553e+00 -8.091864228464960007e+00 -2.499963766534731846e+00
-1.017644374390329887e+01 -8.779025653122360495e+00 -2.499974004441925413e+00 -2.499973984675353922e+00 -2.499973309761133411e+00 -7.294876339725513859e+00
-2.499963345389105918e+00 -9.704527062204739707e+00 -1.028814570917923987e+01 -9.012858899098201704e+00 -2.499965092970206193e+00 -2.499963629508962448e+00
-2.499901662805066316e+00 -2.499898411514404284e+00 -8.476707455634828747e+00 -2.499900547383498317e+00 -8.770284038163442375e+00 -8.481684849848948105e+00
-9.702896712967039150e+00 -2.499916696159898422e+00 -2.499914880560400565e+00 -2.499916041049119908e+00 -6.899404532308757609e+00 -7.774597372322448408e+00
-2.499905030956684815e+00 -8.155177308791213164e+00 -8.093678947339238761e+00 -7.772959756217960425e+00 -2.499906770023174740e+00 -2.499902743906828650e+00
-2.499911296695629837e+00 -2.499911878371020801e+00 -1.016802565350159426e+01 -2.499913899730259459e+00 -9.709450557250049130e+00 -9.253106036849683136e+00
-7.354151024200556108e+00 -2.499881641029670032e+00 -2.499885297349514701e+00 -2.499884825054922821e+00 -7.373159310895385232e+00 -8.759070346137582064e+00
-9.054620131693120300e+00 -7.771502209407070261e+00 -2.499900006954511866e+00 -9.234292810161775833e+00 -2.499906023719308923e+00 -2.499897882451051156e+00
-2.499932420677815958e+00 -2.499935367721388246e+00 -9.514158555531103900e+00 -8.395863034862966146e+00 -1.004551266351107053e+01 -2.499933441003933332e+00
-8.131060240727000732e+00 -9.298524843472671719e+00 -2.499934764707844259e+00 -2.499935505246059897e+00 -2.499933391384881354e+00 -8.457018514401653420e+00
-1.042776114730223824e+01 -9.880018215357605271e+00 -2.499948555039429365e+00 -9.503213042461366555e+00 -2.499949284120679849e+00 -2.499948231902751949e+00
-2.499869926934560560e+00 -2.499872644473342564e+00 -8.149803986854356808e+00 -8.416585901147282556e+00 -8.754639663466496913e+00 -2.499874537706688660e+00
-7.770945172658552558e+00 -2.499757315872236596e+00 -2.499826513098893699e+00 -2.499825216296909236e+00 -8.098797671222833117e+00 -9.301652090453886856e+00
-2.499866832360679414e+00 -8.129443568141844878e+00 -9.014353177579870646e+00 -9.878569856534570093e+00 -2.499868870241825913e+00 -2.499863477540047896e+00
-2.499896115727509915e+00 -2.499896115727465506e+00 -1.149982685274082073e+01 -2.499711432576503967e+00 -1.149982684807272193e+01 -1.149982683933083827e+01
-1.149989610878196267e+01 -1.149989611240767040e+01 -2.499826859545904334e+00 -2.499896115728084567e+00 -2.499937669435938759e+00 -1.149989608583858214e+01
-1.019358940635655131e+01 -1.071159868091932310e+01 -2.499902029908312784e+00 -1.019976556706124526e+01 -2.499826859545904334e+00 -2.499885469631079715e+00
-2.499711432577789605e+00 -2.499519054294168541e+00 -1.149971141044302669e+01 -1.149971141844186562e+01 -1.149971133784119104e+01 -2.499826859545625446e+00
-9.884192318034623170e+00 -1.036536299856420129e+01 -2.499734248267833969e+00 -2.499519054294168541e+00 -2.499777018785215077e+00 -1.013660980298894110e+01
-2.499198423823608017e+00 -1.149951895765683751e+01 -1.149951904582901641e+01 -1.149951904810090042e+01 -2.499711432576166903e+00 -2.499711432573131997e+00
-2.499040814928922938e+00 -2.499030801475218500e+00 -8.450647684476267685e+00 -2.499064606857832604e+00 -6.372110054600145901e+00 -9.488017706648365746e+00
-7.277945890738992674e+00 -2.498719385214042799e+00 -2.498730619901496031e+00 -2.498737778043172320e+00 -7.714807862121395132e+00 -6.826372198666446067e+00
-2.498844130687234877e+00 -9.047860575385374915e+00 -9.152857520670874436e+00 -8.979459336642722889e+00 -2.498857117950333162e+00 -2.498833164272249441e+00
-2.498509253916925132e+00 -2.498501683674474450e+00 -8.410589014689481502e+00 -2.498479405894588279e+00 -9.495889310364798774e+00 -7.716110617680033812e+00
-8.410462139302660844e+00 -2.498650148498004153e+00 -2.498650713812054391e+00 -2.498644772896223110e+00 -9.035505187656573511e+00 -7.772988282639256674e+00
-7.323001816091899485e+00 -5.797510688561926528e+00 -2.498696436288875944e+00 -5.764428242638407696e+00 -2.498681861324900666e+00 -2.498665096859057133e+00
-2.498066692566814240e+00 -2.498015012619900332e+00 -6.891826601088367532e+00 -8.434749005165409486e+00 -6.388171103470326351e+00 -2.498075725772238798e+00
-8.075819869447709465e+00 -8.094947946133958183e+00 -2.498173251224916402e+00 -2.498096873768810511e+00 -2.498162992072488819e+00 -9.209763370028028362e+00
-2.496646980826334072e+00 -7.336727374267635327e+00 -6.868815756095882463e+00 -8.416519005551998944e+00 -2.497399304416099142e+00 -2.497188271046161923e+00
-2.493814998673712147e+00 -2.489691664398161919e+00 -1.149381499235573401e+01 -2.496288999177596502e+00 -1.149381498089881148e+01 -1.149381499572957388e+01
-9.682538718869771799e+00 -2.495759274583611464e+00 -2.494220427118379213e+00 -2.489691664398161919e+00 -1.004283747559306939e+01 -9.036966820118429666e+00
-2.482819440663599941e+00 -1.148969165989562669e+01 -1.148969150442846399e+01 -1.148969163464439625e+01 -2.493814998639297897e+00 -2.493814998916997983e+00
-2.471365734439328499e+00 -2.486333346103999808e+00 -9.707321318516271447e+00 -2.490486558420597074e+00 -8.757424572501593119e+00 -9.031382177897981478e+00
-1.147136562724768361e+01 -2.452276224065544241e+00 -2.482819440663949440e+00 -2.482819440747378703e+00 -1.147136572158366263e+01 -1.147136557114560773e+01
-1.148281924244673391e+01 -1.148281943015469153e+01 -2.489691664452398090e+00 -1.148281941080562163e+01 -2.482819440756531382e+00 -2.471365734439328499e+00
-2.493467448915000606e+00 -2.493538338883461325e+00 -8.431269314896866263e+00 -7.304727942238948835e+00 -9.364477618923155333e+00 -2.483412782320586931e+00
-8.325722982798925642e+00 -5.818745346099579940e+00 -2.492774042172149151e+00 -2.495090033231208704e+00 -2.494970573258980640e+00 -8.431050112755539061e+00
-6.800467763146281541e+00 -8.132388709644047253e+00 -2.495795620585102181e+00 -8.477770859445717733e+00 -2.492740848924381858e+00 -2.495642270321664746e+00
-2.497773399510194281e+00 -2.497773399523213644e+00 -1.149628899421004569e+01 -1.149628895386218908e+01 -1.149628896186124649e+01 -2.493814998638901770e+00
-1.149777329427898742e+01 -2.498664039705541295e+00 -2.496288999183343016e+00 -2.497773399522905891e+00 -1.149777331119033974e+01 -1.149777332255076168e+01
-2.498654612565609501e+00 -9.516132539970834969e+00 -8.469736282105211345e+00 -1.019568099625766600e+01 -2.496288999183343016e+00 -2.497973035342638148e+00
-2.498922699818622029e+00 -2.498902397319997082e+00 -8.649958235187533262e+00 -2.498901565729081398e+00 -8.097151200250378267e+00 -7.748621438301256603e+00
-8.768855470363909888e+00 -7.753516873414977084e+00 -2.498739902494056420e+00 -2.498736156203627434e+00 -2.498762497684513306e+00 -7.236907731711557545e+00
-8.755804679837392968e+00 -8.322659338869678791e+00 -2.498164767916802642e+00 -8.465482627479602229e+00 -2.498689007955268604e+00 -2.498647747349726611e+00
-2.498664039706007145e+00 -2.499173497340678285e+00 -9.038276316656727261e+00 -1.051912426892021912e+01 -9.468875228848542491e+00 -2.499155878072865100e+00
-1.149866399786503912e+01 -1.149866284857091969e+01 -2.499198423830846227e+00 -2.499198423823473014e+00 -2.497773399510008652e+00 -1.149866397080402614e+01
-1.149919839076967598e+01 -1.149919839064465776e+01 -2.499519054293710685e+00 -1.149919831688316307e+01 -2.499198423830363058e+00 -2.498664039706007145e+00
-2.499294171147110166e+00 -2.499299860749392366e+00 -8.740179049235141662e+00 -9.023544047627602538e+00 -8.092209429211678184e+00 -2.499303850807521599e+00
-9.980226009758345285e+00 -2.499425338184503076e+00 -2.499425922559101565e+00 -2.499425380526479223e+00 -9.500880086493589616e+00 -7.318164065738784529e+00
-2.499406917440816223e+00 -7.328519826442730256e+00 -1.026712302719365866e+01 -9.513208534491846891e+00 -2.499403209722597108e+00 -2.499395921353630534e+00
-2.499508396612648564e+00 -2.499491690315161385e+00 -9.435228005540377438e+00 -2.499493987980079268e+00 -9.021168947755533907e+00 -9.480949676975555462e+00
-6.345214948449214631e+00 -2.499483113901584730e+00 -2.499480262079295301e+00 -2.499489433924117598e+00 -8.108934185589095733e+00 -7.775697304204743254e+00
-7.776981004359766025e+00 -8.444873932019641316e+00 -2.499468621779277644e+00 -8.407540511428324592e+00 -2.499460571593487224e+00 -2.499463711358189677e+00
-2.499556683265301782e+00 -2.499548458556366093e+00 -5.210793847976100679e+00 -9.246878800045847058e+00 -9.007368950315562728e+00 -2.499546007467710940e+00
-9.677642047308678386e+00 -9.271215514794326040e+00 -2.499538062870390487e+00 -2.499544216083200876e+00 -2.499536684986782387e+00 -9.281117468184920227e+00
-2.499611524588410738e+00 -7.770107151707136950e+00 -9.266685407602045288e+00 -8.401871273379883931e+00 -2.499606617258207653e+00 -2.499613383417251811e+00
-2.499675847013250074e+00 -2.499679857227368185e+00 -1.014511648666931265e+01 -2.499682099950284009e+00 -7.765080971481758354e+00 -8.064965144194035318e+00
-9.502026739130338129e+00 -2.499713793343927293e+00 -2.499712089771823464e+00 -2.499710630539294876e+00 -7.766096094772985126e+00 -9.712525809626866291e+00
-2.499739949867569422e+00 -9.463021631136287581e+00 -9.469541179411125498e+00 -8.476441643308080032e+00 -2.499730544048261116e+00 -2.499737070257233906e+00
-2.499801761699324665e+00 -2.499794148454197451e+00 -8.042263811275459418e+00 -2.499799063426559442e+00 -8.095342333771844423e+00 -8.119529376061695558e+00
-1.077854344604377523e+01 -9.934168459239325344e+00 -2.499835939683828112e+00 -2.499838165444364435e+00 -2.499840087533557575e+00 -9.271156266743316721e+00
-9.504583801083802186e+00 -7.731200670008672837e+00 -2.499789972207305144e+00 -9.036177108563755667e+00 -2.499802755516761898e+00 -2.499795565699692634e+00
-2.499747074921442991e+00 -2.499747369368470196e+00 -8.129456253618672079e+00 -9.256143323992130689e+00 -8.752991821947526674e+00 -2.499745785009058974e+00
-7.260880265392028576e+00 -8.482390427486105722e+00 -2.499717170241956943e+00 -2.499724923299396551e+00 -2.499719108725191319e+00 -8.069475927675522797e+00
-9.493072189303681796e+00 -9.522159034942369260e+00 -2.499695668436109575e+00 -8.766300633084366467e+00 -2.499703877529983131e+00 -2.499698384100457638e+00
-2.499600440677616220e+00 -2.499605522106882471e+00 -1.031046042900868365e+01 -8.418365563447018474e+00 -8.128160489337306061e+00 -2.499595514617144243e+00
-8.461525589184383023e+00 -2.499517474000451323e+00 -2.499533126999642807e+00 -2.499536197553559713e+00 -7.782611357159405330e+00 -6.886042031204962832e+00
-2.499549424073401749e+00 -8.129261715565100133e+00 -7.295881398026859088e+00 -8.751259711900582161e+00 -2.499558205750807005e+00 -2.499541849285582984e+00
-2.499466120094307797e+00 -2.499450653841638559e+00 -7.761683920403195103e+00 -2.499461465414390293e+00 -9.010034246127828439e+00 -9.464521706174027216e+00
-6.899304271367214803e+00 -9.034214849573169559e+00 -2.499484331819014304e+00 -2.499488241975873493e+00 -2.499478274808038858e+00 -8.114295088960201241e+00
-8.696926200122868877e+00 -9.014134008964795441e+00 -2.499494036078089731e+00 -8.758997022708413738e+00 -2.499502935056488351e+00 -2.499500897306129232e+00
-2.499402090851575053e+00 -2.499412575859765617e+00 -7.711867300600536268e+00 -8.449038281468403966e+00 -7.233340247433347692e+00 -2.499383639542150259e+00
-8.451038230201495693e+00 -8.425327018614821029e+00 -2.499423544927594332e+00 -2.499422331715713153e+00 -2.499421549056107583e+00 -9.504729933834468625e+00
-2.499311285293269957e+00 -8.471161618243721492e+00 -8.781576986117146433e+00 -5.822358077307531410e+00 -2.499310253814786442e+00 -2.499327150855623181e+00
-2.481528485042382659e+00 -2.481982937450699200e+00 -6.349445762080243583e+00 -2.480990089891860428e+00 -7.708598458274163789e+00 -6.851236401261482811e+00
-6.352393137434902748e+00 -2.486514639935918147e+00 -2.486530155797714858e+00 -2.486996533279302923e+00 -5.166056959178519037e+00 -5.191496279623855514e+00
-2.487134113567273097e+00 -6.327842547822647212e+00 -5.666690367079774582e+00 -6.385248619459567010e+00 -2.486694386678131252e+00 -2.486503028664264647e+00
-2.491178930198864716e+00 -2.491085773868982223e+00 -8.044731429784635068e+00 -2.491161375340410267e+00 -8.756395578612927721e+00 -6.379673396584123246e+00
-6.359969156095975684e+00 -2.491916892495725566e+00 -2.491858050647279388e+00 -2.491652232461832650e+00 -6.883599774315505293e+00 -5.184225260775496835e+00
-6.830796598129483144e+00 -7.300291343910052966e+00 -2.490008189252689075e+00 -5.691989926972922831e+00 -2.490060608864576253e+00 -2.490050268796768940e+00
-2.491074894211404267e+00 -2.491338302786501924e+00 -7.308123903414479372e+00 -6.373150879939610824e+00 -6.267186071078594267e+00 -2.491357767330047768e+00
-7.307456393782904236e+00 -5.204470858469012917e+00 -2.490131435294149931e+00 -2.489844270788031277e+00 -2.490129432445330693e+00 -7.723918168658109984e+00
-2.492032677766292004e+00 -4.439052227336832246e+00 -7.307849826803604287e+00 -6.900399030138413714e+00 -2.492235372916919989e+00 -2.492054259224465440e+00
-2.494936023599830133e+00 -2.495136165389037597e+00 -7.992707979628138837e+00 -2.495205188528011764e+00 -6.874701723941751830e+00 -7.729413539102437447e+00
-7.237346032918907213e+00 -2.495043351118430675e+00 -2.494961354225597283e+00 -2.495090652414380994e+00 -6.809659400045272371e+00 -7.264062629806142368e+00
-2.495275510888946613e+00 -6.831729867707744042e+00 -8.389412954915227871e+00 -7.670306504852254292e+00 -2.495411088542534905e+00 -2.495430281794177585e+00
-2.495852253871796211e+00 -2.495848335284942099e+00 -6.387458917045313100e+00 -2.495842368727193339e+00 -7.356697534933581473e+00 -5.150990844495350274e+00
-5.824712693905976124e+00 -2.496530720476080045e+00 -2.496448003087351264e+00 -2.496493394930801024e+00 -6.266209349330876144e+00 -5.828735085772692059e+00
-6.810529349357181239e+00 -6.877636100189992163e+00 -2.495877125017508469e+00 -7.365843321561023060e+00 -2.496022892653249947e+00 -2.495888055041092457e+00
-2.494878772091764674e+00 -2.494973505284740600e+00 -6.226782114356836928e+00 -8.453779948522811338e+00 -6.850038026646287470e+00 -2.494936848918192673e+00
-7.344656502889744587e+00 -7.749669993969500403e+00 -2.494673004149132289e+00 -2.494645936585281110e+00 -2.494681306161259382e+00 -7.736288396917634813e+00
-4.410617078293285864e+00 -9.216584286023731920e+00 -2.493960582526002057e+00 -7.703823283383542275e+00 -2.493934761452230919e+00 -2.493998576584951721e+00
-2.494763705571966472e+00 -2.494845032248400596e+00 -7.267302736763488369e+00 -7.732805648760665562e+00 -5.177880722277684811e+00 -2.494894639058429231e+00
-7.662005100344739361e+00 -2.494794911617557176e+00 -2.494822870920943458e+00 -2.494663857302975352e+00 -7.749340760634151337e+00 -6.373716052405104193e+00
-2.494519270337941741e+00 -5.192652972022045788e+00 -9.423783565140860574e+00 -8.366384078255027390e+00 -2.494412221571246757e+00 -2.494486309040793159e+00
-2.494060122840567217e+00 -2.493985719759933772e+00 -5.196623782116730261e+00 -2.494056359409547952e+00 -6.354289146960427459e+00 -6.268712246072856153e+00
-6.304041395717162821e+00 -5.764204779985687921e+00 -2.493290021809627000e+00 -2.493337815567796323e+00 -2.493426823767665557e+00 -8.653533115913855767e+00
-3.728803100259361791e+00 -6.341377498566096449e+00 -2.493887082130886501e+00 -6.276279214900963410e+00 -2.493931524362737129e+00 -2.494070428481024670e+00
-2.494776093933624317e+00 -2.494822054674222134e+00 -7.630157600239013682e+00 -7.727842520268020543e+00 -7.282774737882244942e+00 -2.494754137176808495e+00
-6.909478531885167030e+00 -7.356098005453498345e+00 -2.494949996818067284e+00 -2.494899114519807171e+00 -2.494984474123270068e+00 -6.365660808050641606e+00
-2.495269321882420677e+00 -6.312747604760843068e+00 -5.822598247792527992e+00 -8.742848190474767023e+00 -2.495268216874318767e+00 -2.495270195938083191e+00
-2.497549569839881745e+00 -2.497499720490862885e+00 -7.306822683291501086e+00 -2.497572063434458478e+00 -6.898877982396947495e+00 -8.467930497342617713e+00
-6.350831211845160418e+00 -2.497466773866945822e+00 -2.497403930143825779e+00 -2.497402753386089191e+00 -9.033918780104992052e+00 -7.771612580412556426e+00
-2.497343183552383383e+00 -8.454213754112851475e+00 -6.849389493736097734e+00 -8.437639710199920984e+00 -2.497321245354402031e+00 -2.497421043441455435e+00
-2.497184054862286562e+00 -2.497189541141543678e+00 -7.704558653104387034e+00 -2.497104327166284055e+00 -7.750199575309036248e+00 -7.750827336720396588e+00
-5.821988438388352449e+00 -2.497059628301674827e+00 -2.496957490012460035e+00 -2.497113277008218279e+00 -8.120645087624712488e+00 -5.822859081809205861e+00
-7.358186646441644996e+00 -5.111569984399950251e+00 -2.497169395910032730e+00 -5.138386620638740965e+00 -2.497265932604314287e+00 -2.497179542708945821e+00
-2.497251996490327919e+00 -2.497174340445621255e+00 -8.371590334173930614e+00 -7.751345705634054006e+00 -8.941019897215596757e+00 -2.497245943876722940e+00
-6.330475878037184145e+00 -7.349733451081461588e+00 -2.497366753228760672e+00 -2.497308964966674427e+00 -2.497307511380156608e+00 -8.738402211098303951e+00
-2.497169971402309230e+00 -7.648149126220010530e+00 -7.715558095341616074e+00 -7.335319823292185681e+00 -2.497175613137361250e+00 -2.497279827470355151e+00
-2.496801420235266189e+00 -2.496814398058700313e+00 -5.822135573489735982e+00 -2.496829804610360526e+00 -2.855235170470912021e+00 -5.775902492604123140e+00
-5.829228164395610534e+00 -2.496938426356078544e+00 -2.496834889809437019e+00 -2.496929854886235312e+00 -8.414264068846108557e+00 -8.427188781248082350e+00
-2.496960384096607477e+00 -6.296132101477753373e+00 -8.765068530349626741e+00 -5.772666834513721312e+00 -2.496908843048329718e+00 -2.496876912140695737e+00
-2.496935724048872540e+00 -2.496960705499405186e+00 -5.202186457210329351e+00 -2.496949089600129401e+00 -7.336872496125825371e+00 -8.453247718738225558e+00
-7.332450979201142971e+00 -7.302052880775814714e+00 -2.496964909438526448e+00 -2.496995425927141188e+00 -5.211985335207261372e+00 -6.382626150566229839e+00
-7.682224107273935232e+00 -7.358851352630384923e+00 -2.496994959937206993e+00 -8.995533594496516017e+00 -2.496932317238262033e+00 -2.496989056061448498e+00
-2.497041519014091104e+00 -2.497063650782631150e+00 -8.713635807084685325e+00 -7.773396218513751066e+00 -7.721406101886826079e+00 -2.496950297721929779e+00
-8.429843101642973124e+00 -7.735239917138164500e+00 -2.497060506778121969e+00 -2.496994198858369707e+00 -2.497011070324857585e+00 -8.480773322515572588e+00
-7.734126834401751083e+00 -5.775173129444210574e+00 -2.497129334225039798e+00 -5.194914302652572147e+00 -2.497044184822747148e+00 -2.497074311978806804e+00
-2.496623917814376536e+00 -2.496701181459777263e+00 -7.732549873226500559e+00 -4.471008153448968514e+00 -6.857404757744739676e+00 -2.496700791869389313e+00
-5.745631555766878229e+00 -2.496541253950368411e+00 -2.496526275420840602e+00 -2.496555107996287770e+00 -7.713619563566906479e+00 -6.620769602329426462e+00
-2.496628319988324574e+00 -8.465216744488049727e+00 -6.872229742066582325e+00 -7.319985370355057697e+00 -2.496648009662060019e+00 -2.496673575587827099e+00
-2.496510935958945687e+00 -2.496621349446324523e+00 -6.356360346348893131e+00 -2.496603998615857467e+00 -9.252454652501484134e+00 -8.019151148984713373e+00
-7.322764671683851923e+00 -5.768055807206470043e+00 -2.496784885593611225e+00 -2.496764434354577844e+00 -2.496736436574260143e+00 -7.119796401203818625e+00
-6.888876049460117557e+00 -9.443183289413081383e+00 -2.496687162891829015e+00 -6.847625637967619028e+00 -2.496623919164250527e+00 -2.496692073364020104e+00
-2.496334438347711515e+00 -2.496203627111349022e+00 -5.802905814137866436e+00 -6.384468144153043312e+00 -5.835496403464784265e+00 -2.496314551622392575e+00
-6.806086255822676456e+00 -9.042162577534734069e+00 -2.496256475488747295e+00 -2.496298931684779010e+00 -2.496319077604429726e+00 -7.724321457237283362e+00
-8.356733447154555350e+00 -7.728144428648015207e+00 -2.495923978064761517e+00 -7.367070470630027401e+00 -2.495945412581072720e+00 -2.495972421077963244e+00
-2.497776642682740800e+00 -2.497827052180599416e+00 -5.796505971465702345e+00 -8.131105130851535634e+00 -9.218206696289023228e+00 -2.497834740794748321e+00
-8.765146807916899263e+00 -2.497958000809068935e+00 -2.497888930877132374e+00 -2.497908510737562704e+00 -9.007031411049416292e+00 -8.743298349219793764e+00
-2.498009342299805535e+00 -6.889060375874516140e+00 -5.755213004105648622e+00 -8.433695872179351127e+00 -2.497996051568389664e+00 -2.497960496888119941e+00
-2.498280707282041213e+00 -2.498210789064275517e+00 -8.122855642154672040e+00 -2.498244087707968575e+00 -8.442998916119520914e+00 -8.143155989994673050e+00
-9.499599442605758171e+00 -2.498370542173822262e+00 -2.498420954104163982e+00 -2.498370038626022360e+00 -6.372370886667761525e+00 -9.491401295366378221e+00
-8.425197603857601081e+00 -6.852646221538966742e+00 -2.498200762330108571e+00 -8.658462930068758112e+00 -2.498177308827685295e+00 -2.498235392925959975e+00
-2.498123983666329817e+00 -2.498080739367016356e+00 -6.362712485093199533e+00 -8.388242305575502655e+00 -6.367966628498793469e+00 -2.498097489125921999e+00
-5.817261769253561532e+00 -8.097539658997909839e+00 -2.498006310486597048e+00 -2.498082845042203015e+00 -2.498008694330676960e+00 -6.847830965268313363e+00
-2.498082834740538605e+00 -8.094749718408621675e+00 -8.669692541305492384e+00 -8.125125137922895036e+00 -2.498036599070673436e+00 -2.498012541607204540e+00
-2.498275042930716339e+00 -2.498253474554744891e+00 -7.299610266862595509e+00 -2.498301744638075306e+00 -6.299618647368499857e+00 -6.737114469011360463e+00
-7.343196359089803948e+00 -2.498100724106411707e+00 -2.498091803509765896e+00 -2.498093609603152299e+00 -5.763485217832818641e+00 -8.778722397892087415e+00
-2.497990647282434473e+00 -7.728908602578631104e+00 -6.375299580118083398e+00 -6.847605573708326787e+00 -2.498032394416714652e+00 -2.498020294084443371e+00
-2.497677191652856177e+00 -2.497634343007547386e+00 -5.784729727150764056e+00 -2.497616146742552168e+00 -5.827662542311880856e+00 -8.043764360287308790e+00
-5.758057397638392416e+00 -8.077060636908461433e+00 -2.497364093292584020e+00 -2.497307738131402388e+00 -2.497284268013609587e+00 -5.766787902882352768e+00
-6.865555793941453544e+00 -7.781942803840279588e+00 -2.497665885690848242e+00 -8.047378847340807440e+00 -2.497664719386527121e+00 -2.497674520705826406e+00
-2.497882919823358971e+00 -2.497921499826624370e+00 -8.062581705627748008e+00 -8.124588236726687285e+00 -8.434426995958109075e+00 -2.497898787160052425e+00
-7.672132123011770943e+00 -8.458008774920331874e+00 -2.498033288978005029e+00 -2.497980159707489101e+00 -2.497966018365013863e+00 -8.139568560595781932e+00
-9.216532940141933139e+00 -8.101603445917456625e+00 -2.497978932598575508e+00 -7.773121656133833213e+00 -2.498017675080237865e+00 -2.497996545621949505e+00
-2.498614903545429478e+00 -2.498568111752163645e+00 -6.886819840215085975e+00 -5.175559705299643376e+00 -8.762407511149278960e+00 -2.498585893843359163e+00
-9.251089731417549089e+00 -2.498750815952847315e+00 -2.498779451575966704e+00 -2.498777836259493235e+00 -6.231195320723101005e+00 -7.732810558447472893e+00
-2.498675287077697149e+00 -7.339377210094369275e+00 -6.289677383420948509e+00 -7.766141238237397104e+00 -2.498669135709525868e+00 -2.498723567289901748e+00
-2.498752136135102830e+00 -2.498714212944649127e+00 -7.263571151735186859e+00 -2.498757992118704419e+00 -7.327838675227857479e+00 -7.526092714918145354e+00
-8.713359047488731690e+00 -9.238225299384476230e+00 -2.498573140281487692e+00 -2.498594405776896732e+00 -2.498608464818120378e+00 -9.048222823991068253e+00
-7.733481956886265607e+00 -9.030618214485198081e+00 -2.498696057484290911e+00 -8.772686838005373744e+00 -2.498647789128935148e+00 -2.498646687448406567e+00
-2.498948540335058421e+00 -2.498944399751115153e+00 -8.422859422875919932e+00 -8.476708900461900953e+00 -5.818812272993694634e+00 -2.498941147971625920e+00
-7.749029379475644852e+00 -8.457625852936102362e+00 -2.498917869036097805e+00 -2.498964864926661367e+00 -2.498945388059469863e+00 -7.765931488093936963e+00
-1.003114418918957007e+01 -6.338114551735685609e+00 -2.499096987526075342e+00 -8.962281195263260614e+00 -2.499120151052353300e+00 -2.499102560973282650e+00
-2.468770590503147844e+00 -2.469512260119720803e+00 -7.674051724174790756e+00 -5.148811435041062978e+00 -5.198593661747681338e+00 -2.470940076226762372e+00
-4.448638613404511943e+00 -2.443359601078058940e+00 -2.454591766587391977e+00 -2.453016325993998770e+00 -5.113979829707159475e+00 -6.375392267549844227e+00
-2.458235198290619206e+00 -5.806745283865184959e+00 -6.834447722791432867e+00 -6.854311548517249442e+00 -2.460088992921757978e+00 -2.459146163850804978e+00
-2.436554775769303127e+00 -2.433952121241544919e+00 -5.680352385551872274e+00 -2.434586021735867689e+00 -3.731790808663986603e+00 -5.812843122137714147e+00
-5.181730994460870043e+00 -2.435761973301850514e+00 -2.435612110434619115e+00 -2.434274344860137163e+00 -5.807058616022637842e+00 -5.722141791294077962e+00
-6.799866971975644603e+00 -3.623852644810983570e+00 -2.446783721955145374e+00 -5.152556785222308200e+00 -2.445058597999564043e+00 -2.444445274078977715e+00
-2.421068142160282655e+00 -2.417979766141877374e+00 -5.699884189476884799e+00 -4.490685981008322614e+00 -5.143121009822640310e+00 -2.420538485208697743e+00
-6.838325932333550128e+00 -5.804976237284521723e+00 -2.427310827945798888e+00 -2.386336845280697005e+00 -2.428886867615771994e+00 -5.158045446054359218e+00
-2.277166225423465917e+00 -5.175034221351168640e+00 -5.758858594800977393e+00 -6.334161190974930911e+00 -2.391542258817843436e+00 -2.400087019320924941e+00
-2.318221773328391411e+00 -2.315724860201537005e+00 -4.483619773561255073e+00 -2.322050012044680312e+00 -5.096572362323884775e+00 -3.732128524938978842e+00
-5.120365516272494588e+00 -2.290785089784798334e+00 -2.295422388080531562e+00 -2.290238734259833375e+00 -4.406095666441488312e+00 -5.688354897494299678e+00
-2.179221534821756734e+00 -5.625420137028311451e+00 -2.875400231176989507e+00 -5.106791693833674373e+00 -2.248863220101358973e+00 -2.249440886956971752e+00
-9.804651365600987045e-01 -2.138064494955957073e+00 -2.877887509043479675e+00 -2.141853143855759534e+00 -5.104602695982825900e+00 -6.081642753428609716e+00
-4.844864803399997477e+00 1.886411035770681477e-01 -1.999761177245989341e+00 -2.021786362917061375e+00 -6.109017134699248786e+00 -3.704633429860386684e+00
-2.862776224325904284e+00 -4.422346245453767644e+00 -2.145896418200429423e+00 -3.681831676499891515e+00 -2.132027512969436600e+00 -1.609387130859554871e+00
-2.253802312945974329e+00 -2.283672479768933616e+00 -5.098064887832912007e+00 -4.400477660898554078e+00 -6.770085624960492154e+00 -1.668912280823069638e+00
-4.483772519698395520e+00 -5.708954446661858029e+00 -2.293181107123901441e+00 -2.302927367383967194e+00 -2.297531017280301402e+00 -4.453484418998059802e+00
-4.476650711048810294e+00 -6.290261540790509365e+00 -2.338173129407124851e+00 -3.723954515171132407e+00 -2.060908805708591363e+00 -2.330426026114778448e+00
-2.368759603348660203e+00 -2.372352698162407680e+00 -2.875815251251517157e+00 -2.873120364663960480e+00 -4.459365268878830335e+00 -2.370730829956603891e+00
-5.633057544397039429e+00 -2.389987087505201835e+00 -2.389314693706367176e+00 -2.389676497064480820e+00 -4.367921305208215088e+00 -4.386653904568399653e+00
-2.391986604916912729e+00 -4.456927196554445025e+00 -6.851057492703729324e+00 -3.690657673690743934e+00 -2.393132443322699032e+00 -2.392934482354343917e+00
-2.415587001583295201e+00 -2.412390194760309914e+00 -7.096902449840747806e+00 -2.413869673920277847e+00 -3.720045270704038565e+00 -4.402586921694483735e+00
-5.768565783526925728e+00 -6.247571442854420454e+00 -2.421346576225760217e+00 -2.422550764263254219e+00 -2.423094569642120888e+00 -2.840577280000000204e+00
-3.700182167376618203e+00 -5.148572582743848436e+00 -2.409834494319071041e+00 -5.025430561099020643e+00 -2.410641286606178824e+00 -2.411026000130426894e+00
-2.407481579128472937e+00 -2.407583210690252606e+00 -2.752883742400000333e+00 -6.317053463256161905e+00 -3.730992788218892464e+00 -2.408569424042160456e+00
-5.138846729588516737e+00 -5.609562874464230298e+00 -2.400738296361389690e+00 -2.403260369034569521e+00 -2.402567449428926860e+00 -3.729951974878648713e+00
-2.405982440651877940e+00 -4.414151064251746526e+00 -3.682051339616557062e+00 -3.605126038873068595e+00 -2.407885805990403139e+00 -2.408143041296394671e+00
-1.477113865215923916e+00 -1.477113863452992337e+00 -9.795189720816374290e+00 3.413503999999960015e-01 -9.795189442436125660e+00 -9.795189429342064713e+00
-1.047711373077136621e+01 -1.886268313914903905e+00 -7.951897600000030764e-01 -1.477113859848507182e+00 -1.047711383031370502e+01 -1.047711366161480129e+01
-2.167240348164853003e+00 -7.916775800488719206e+00 -7.220679960162549982e+00 -8.755018641909009247e+00 -7.951897600000030764e-01 -1.943596976080105954e+00
-2.317016887076566167e+00 -2.318275169830903870e+00 -5.154654655782045403e+00 -2.219672281294710281e+00 -3.687084920165884405e+00 -3.704653154704007356e+00
-5.185106355556370339e+00 -2.341513091090347221e+00 -2.334978074792271929e+00 -2.331562188990675022e+00 -5.106452994424486747e+00 -3.624526884959233364e+00
-4.453624131265775610e+00 -5.677974725491696795e+00 -1.752541383763191796e+00 -5.693583297808245902e+00 -2.284406303531379745e+00 -2.275078580294918940e+00
-1.886268313600004909e+00 -2.239263015960596181e+00 -5.119544753726559705e+00 -7.183365415196458770e+00 -5.717886840287270900e+00 -2.344546196823738438e+00
-1.088626820580427967e+01 -1.088626830578101057e+01 -2.131760994011751897e+00 -2.131760991046727227e+00 -1.477113856000004333e+00 -1.088626830190340833e+01
-2.279056592987993568e+00 -1.113176098017948945e+01 -1.113176093034278047e+01 -1.113176095691916778e+01 -2.131761022285378449e+00 -1.886268313600004909e+00
-2.447091476791486642e+00 -2.448296589859963568e+00 -6.335825311837203877e+00 -2.447284911924710649e+00 -6.319778069696352141e+00 -3.716178117408851733e+00
-3.723354237833289559e+00 -2.405944182652227425e+00 -2.447494219901652279e+00 -2.447621326434398448e+00 -5.158916055877169171e+00 -5.183479222952079191e+00
-2.455601703552669601e+00 -3.684673045029573935e+00 -6.256117745681540221e+00 -7.647728882059454669e+00 -2.458107954178689436e+00 -2.457489773614501605e+00
-2.452276224110488290e+00 -2.452276224333015175e+00 -1.142046031207400603e+01 -2.367433955737603846e+00 -1.142046036902532080e+01 -1.142046034049601033e+01
-1.145227600652934896e+01 -1.145227584880694138e+01 -2.420460373442566038e+00 -2.452276224219968270e+00 -2.471365734484283205e+00 -1.145227621263557971e+01
-9.022965544384366154e+00 -7.348625496466335782e+00 -2.470674537861228703e+00 -6.878901856653913960e+00 -2.420460373442566038e+00 -2.464479268346083440e+00
-2.367433956537175366e+00 -2.279056592896003153e+00 -1.136743390615197136e+01 -1.136743391992665764e+01 -1.136743381418307841e+01 -2.420460373715026314e+00
-9.533639152034357522e+00 -8.038503968482332951e+00 -2.411982836277506870e+00 -2.279056592896003153e+00 -2.444939833332958390e+00 -9.419004896997885012e+00
-1.127905657587264976e+01 -1.127905654856249029e+01 -2.131760988160004366e+00 -1.127905656959366709e+01 -2.367433956419949137e+00 -2.367433956393615979e+00
-2.431184952553615553e+00 -2.433161882540295196e+00 -5.149210541343464342e+00 -6.341312241976564401e+00 -6.340200076303918131e+00 -2.434278143060164101e+00
-5.640698250016919602e+00 -2.421779047923279915e+00 -2.422946088558998401e+00 -2.421864759559416047e+00 -5.056024911273868661e+00 -4.397282893140056714e+00
-2.418669472901566309e+00 -4.476762347745538051e+00 -5.107312866151806574e+00 -5.137874209002839976e+00 -2.421267267453158123e+00 -2.421598365283511356e+00
-2.396137111701600819e+00 -2.397156576344903645e+00 -5.728666180199107671e+00 -2.399057166912480277e+00 -3.733516721065924138e+00 -5.760518758094454128e+00
-4.485448099940658295e+00 -5.150889372308398606e+00 -2.384314698977482827e+00 -2.380857178747525005e+00 -2.382332151944154930e+00 -7.220921462234008104e+00
-3.734656534870437028e+00 -2.841983317007795939e+00 -2.401381818203425667e+00 -3.720943898283599616e+00 -2.399635564912110386e+00 -2.402268129009621056e+00
-2.406817103222965493e+00 -2.405735530621144314e+00 -4.428918103071445955e+00 -4.478046502100899495e+00 -3.715963185445313677e+00 -2.405756582612385674e+00
-3.706135400904858823e+00 -7.266515929304582677e+00 -2.412326467330812463e+00 -2.413401376044031821e+00 -2.412008551388526545e+00 -7.281326306783706848e+00
-5.174296302035761741e+00 -4.367698504424132544e+00 -2.410828504081016899e+00 -5.175803799455121812e+00 -2.406009091984249171e+00 -2.407977491515826962e+00
3.413503587400968375e-01 2.235583999999993576e+00 -8.658649348448712146e+00 -8.658649591470322093e+00 -8.658649577840551004e+00 -7.951897630864095401e-01
-6.535948980233933447e+00 -1.575636911353196945e+00 -1.760436999686199322e-01 2.235583999999993576e+00 -6.323042860843603563e+00 -3.393407459664615100e+00
5.392639999999990330e+00 -6.764415912925354490e+00 -6.764415956979571654e+00 -6.764415991303488696e+00 3.413503991211765398e-01 3.413503907598288700e-01
1.065439999999998300e+01 1.438606019473584574e+00 -3.634593719459000560e+00 -1.083221391226093511e+00 -2.319740365193136533e+00 -3.301211063370174781e+00
1.654399994537479213e+00 1.942399999999998172e+01 5.392639962776152984e+00 5.392639983755767474e+00 1.654399995201330853e+00 1.654399939204268088e+00
-3.607359994923672986e+00 -3.607360007008413305e+00 2.235583957673690225e+00 -3.607359989397148414e+00 5.392639121555308890e+00 1.065439999999998300e+01
-1.403978275724597102e+00 -1.406452243903787869e+00 -1.959999999999999964e+00 -1.959999999999999964e+00 -3.632489102173990680e+00 1.760359176498422773e+00
-1.899999999999999911e+00 -3.584817704572254460e+00 -1.524664454379068168e+00 -1.585753274054031658e+00 -4.614543008734802165e-01 -3.610155479857055205e+00
-1.479298362942831346e+00 -2.809336511251967039e+00 -1.959999999999999964e+00 -2.783341873265058997e+00 -1.389938133031015655e+00 -1.482084198809803244e+00
-7.231911511562725270e-01 3.794842934693198888e-01 -6.306422764317579643e-01 1.940305581076611929e+01 -1.167773739936995181e+00 -1.869420892583188110e+00
-2.803216109862383121e+00 -1.017531670891021145e+00 3.186922483654590632e-01 -9.883004879837362644e-01 -3.515289433611654690e+00 -1.000000000000000000e+00
-9.287508127251656864e-01 -1.906000000000000139e+00 -1.820910190434125830e+00 -1.769879797403010269e+00 1.060886957474366099e+01 -1.020751278814545859e+00
-1.566845203010980958e+00 -1.255615545316376647e+00 -2.818409470375974557e+00 -1.554001905383706639e+00 -1.959999999999999964e+00 -1.947477018872747490e+00
-3.654916648020644310e+00 -4.704689288249251256e+00 -1.742365411898445515e+00 2.112139811130859801e+00 -1.600503294581909097e+00 -2.731179374579113528e+00
-4.724890732914486691e+00 -2.928757100508613931e+00 5.310611270078817725e+00 -3.219931690755351017e+00 -1.469012208636131689e+00 -1.485280269517667673e+00
-1.412340325001882668e+00 -1.430982170320250324e+00 -1.948744741709278028e+00 -2.823999999999999844e+00 -1.959999999999999964e+00 -1.458459159617870204e+00
-1.959999999999999964e+00 -2.831239154663602431e+00 -1.288342073453039971e+00 -1.293469989650883001e+00 -1.266407118787172159e+00 -2.818733589355034042e+00
-2.834762655792902653e+00 -2.845733995182385900e+00 -1.455753131259509559e+00 -2.825536884570013285e+00 -1.413206666751407159e+00 -1.362233253039761394e+00
3.403398889218104273e+01 -3.592456000000000538e-01 -1.000000000000000000e+00 -6.848073718964693413e-01 1.448538080950218410e+00 -2.120199999999999863e-01
-1.000000000000000000e+00 5.839946746652973530e+01 1.846603710813043087e+00 0.000000000000000000e+00 1.164648169442099501e+01 4.749369465308368454e+00
-1.960000000000000075e-01 -1.000000000000000000e+00 -1.000000000000000000e+00 -1.000000000000000000e+00 -1.966840000000000255e-01 1.159294109795021477e+01
1.942399997251276034e+01 1.065439980232451767e+01 2.503999998863654852e+01 5.840000000000001279e+01 2.503999996536319372e+01 2.503999986070959949e+01
1.042399986073852958e+01 1.042399999347095729e+01 3.403999999999999204e+01 1.065439967340402916e+01 1.065439996092885266e+01 1.042399980261382630e+01
-5.766499727183013180e-01 3.770136522937847512e-01 5.686411247357613385e-01 7.275221643182813169e-01 3.177056000000000768e+00 1.942399999999998172e+01
5.839999997763096928e+01 9.900000000000001421e+01 4.939999951452486471e+01 4.939999979101705208e+01 4.939999997940361709e+01 3.403999920346211638e+01
1.265815661444989182e+01 8.575148515448693942e+00 2.311185248510277290e+01 9.900000000000000000e+01 1.768781267067319263e+01 2.022977481815710377e+01
0.000000000000000000e+00 0.000000000000000000e+00 0.000000000000000000e+00 0.000000000000000000e+00 0.000000000000000000e+00 0.000000000000000000e+00
